$ANSIBLE_VAULT;1.1;AES256
64383839326637613332306661393335336264653963363233623931356638386133333161636361
3530333530303161316338656565303939303233353637370a343638636331666664383461333930
37613764326435643536393661656262383137353034306262653265663262383633396430626637
6538343433373637390a303730306565306435653331386561333537393832396163316462636633
30323434303063346430373265343537643461376237353463366334316130653362663163613965
61623134643662663063313563383865396138313534643366643538646566366335353562306332
30633066333337386534316239333461663461613461376336303262346463643830303934383032
37393330663164656562353735376664303231316130353536653765373361663537356363343866
62646361613130613236306462306162626531356231633333623964366265626461383233383535
35383765393366306261343863643932383362316238373935313330363130336133333234643731
61636561313739353566663463353564353034336465323466336562383639626239346566393536
65636538393561623937316431333962333937373133343632633631626266653530363039616433
63353664643361646263303439303033633964633666666339356334656663353838373661666565
66316235346233343731376433653836303233383931393834333536326533653362663166396131
64336436396561633838363130306536346666363561333362306435626132613862313539653030
39343465613334643833316661663865616331306139656539363639306232643030393766353738
36323338323965656439363433383266643861323738396531626132383361306233313236396330
30303536626339626337393233303031376433333637336631356539376364363239313663636366
32336431336233356564643636616336376235303432653163343362653263373530306536326664
62646635363931343238353831653264383366633736326236366637666238346164313930363665
62343636633031616435326666306565666334633162333365343833376339313232636538313139
35383333373634646331306538626338666563326261353630383032633666353530373961663931
37323939326363353164613266366231343863333237346562643865653463376534396536303034
37343235623664353563626432363333366164366563646362643430366433316235656330336539
37343538353438363037363864396430346661326435613064303636333739376164333733306634
31383130323134383733306539623736616235336333616663356337396636396636303134393763
33656436323038386130363265363464336162313935373630353231643634653731393166313538
39376635633835653830386261616533326164313639323664376236366339373732653061656663
62663836636664343932383534353737666366386131383031623831343334336564643530313266
31306139636363343730353264313864666432656539653663373737333666356463313764616230
35303765613861363863393033373231393637643466343434343964633834346261616530333065
38333133616437313865613134633063376266643132353466313531353532636661646461326139
34633737653436336164343431633739313230356566383137306232373462623039363932643936
37656139663034376638326366393864626363636263333232666437633938303236643735646363
37323532363335626536306632333062653665346363303333656665366138353139643639363963
35663531633162306566353337393236656133666631306263393933643363633339316636376364
62616539613736326436386431613763383564303436663961623464393033326434346166343233
31613835316562366135333366383665323161306534353063383033653462653865373961653634
32316438623133376338303931356539326661613535323966613663353864643165336632303836
38346464613338383634656566363036346537373237333039653766353133333739326631383436
30306530396539613037643266303263306139613538363663346638363733393365396634363365
30343361343766373233353466663330393536666534623865303239356564313661656638313732
62636636326633666230666464383364333231666462396365356233633334613362616433663732
62383436666332376532353136323765393461303563663461383962623236393131663864656631
35323736636635643365643066373731386633636664386466383738323439353839653432363739
35666533333038396536613138393061336663303865383334346338383134336237663637386665
33326234383565376263316535663366613430313739616135373735653765616161346166646337
38363935666630373331623863383466623561363266626162366164383262343033303464643334
32616562623537633161393732623231383366626232323963633133663539346632306433653863
61323861626565393637646364663838373863633532643636653331356166366162613261353238
66366432393232333764623765616631613539643165373636656461646634356330316536653436
35653330393138636334663463383132326536653333363566383837633662386137643238313834
66353630386230356364366434646531326331623561346238386630333333626365386530613134
32613839393961643661356462653637353662656436623736623265386162353861646434356363
30643564346263366666396432313736376666363137666663393839356265333737396661363335
38613461373363643739373539643162323235626131323337323765306633623034633738656439
30616563633031643631646162656138313632613931376333373536326134633765313061323333
36383833303866613639663735633137343630396232613661353831353931373464613132653933
65626365646564623765666561333436303236346536616563653838336564336331356433386464
64663630376130656234663066303762303062353335346433323461613962373463616262363261
65383366306139303836643232613939646633653466653562393565356635326139316230376266
36643737333736306265386437353462613731616364313339633734366661353762633039366663
62383665393033613361636538363736373932333362663737613666336431343462323133373961
63303332316239376530393938616232383836326136663566353563343062316566363439393031
61323832343733373566386333643434626530343636306261633233363137653463643463393633
64646361383837356164343837326664383461366464333134326561326137323938613531306634
34353866636136623962633134656138316135373338613639653564353930623739306162646362
66313836343765613963623034363566656438626334363061396131323333366239323361646130
32323634383037366638663564656263353831326236383831636331643635636337316334393930
64353239643339383033633932356538623332386461623734616437623031393962666637323363
37333065376330343836333730316137353265623934613166323066306131616634623164306530
31653632666437636638663038396436633034303966373362396632363063333335616361313637
64623166633934313064663765616239303164383432633932313631616664316537393132623563
65333163383736316366353864636662616534356362346465383334616564323039653730616238
39373634353139633764323263633263366237326566316361616238323739393232323237636339
32363132363739323365396166313061613632376261376336303936633435626131323833643230
35626332303933633565613131633738383363636634653033393931643234653565306334346632
35303137306636376362363732306666363835623034373537633963306134626439393539616530
65343864376538636664663634653964616438616265656535636534386564363031626437396262
37373730333462303165613261363538323934356564313366303137356366393036323265646166
32313930656461623233303266626633626332303365313032316135336566633964313339323434
34663133626230353932373436653130626532616566353238623163373564616561383766616430
63373130343962353739396131613663373638393732636534343131396433626139316233343164
33366164313062343866393933366636373565373963363763646639373364623333373432323936
63383334353638363465626665363963366261303134393865386563636234336238323161396362
62333134343965616230656166303733343137663364646234303862316239613732343939333639
37666665383231356532376135656664633435353938653836313831353462626464653531356562
34386163323133363034373762323930323037313732383034343963376561393466386236636665
35626537306534636464653731363764323563616663666566346536623130356434613466393137
65636634616531366234656133613563396139663636626533343434333334636266336634316531
38316335316334303930373438363436373339336662323962376162346539303966613661616332
37336462316434393162323632376431366337626531643665396530613634356539316465656337
33666564366531626131326465343033633039326262626566346361663930616332656238616530
38393064666133633732653432363135313163626265333536313964363030323164323833656262
35323961336238303262353435626231303130316237336430656162646339623563336434383632
64643531326431626137343963303364616666383666353633376332383730313933313665373632
36633264363134323463613034343737343663313862343362663062306333313735313363346431
33663866316665623838653461666364643364326262336531623535623231663938313332643434
35373966316263643065393038643534393333303962633363386261363539666263333430343232
38303838303733616364393434623535393735623766653033636330343161346238363731393265
33663234656434643139656636623032633137376166363963653863393134306539383232656138
62653534306137313935666664376261333864623932626238323536633634623233343133376333
34643431363464623765396233326635363864643165393735353264633639386662333538663566
36653732356236386538363964656162626537623436623761643937396266336161656135363534
31313762663662323730303563353536373734666439306433663035323161353238343061303034
39376163323831383734613236653265643539363830633562323165643930623463356234366239
63366237656533393234663361373139346630343436663731303264626564663564623062316462
33633561623238623635656338346232313561623839323161613330323964343836376231646239
37623361626463396533383231346436636539636531313537343465316339626664303862313264
30643434333065323263353664323466633561613639663539653164346166393833313030663034
33623133653235626132346339633461303734306538373664396564306239323232626530393262
38663362326338336562633835663038633261316632656239383964393330626230343330386133
38653266666635613438373264303438366234663666326565613761613663653933396565663438
30303061323931363565353830323236353434373731393363306364613937336362626665363063
64633034316339356131613565373837383361356332663934323035613532303632656430303333
66396131623437393632383164363566663638663039643863346336383837646139373163333931
66653235383737656366303532356431373534313237303766666163633732373637366437316330
35633862373630643338393535363730396238333339643835626337633865343734336237356135
62663431663230653238333339646130666237336431626165633262343764326565613662316430
32616462346363303734306139653232313865653635373934376135376233363361373034343637
37383463343662316537396463663231353863386136303031303536326531666366313831613962
63353366326633333961313231336361646363613633306235363131653038633364623232353839
32386535623336636437663737346632323532653837653565323066616639626236623630623762
61353634363131373635376335383837636635643864396633323362633433336564616539353235
36393463306662313264383263613562356162376465663437343634613465393737613861353436
62393634353165366264376530633831323534636336343032346134666662356136356266323335
38343662613237646430646639613631633839323231393437643265613838323331316136656665
34356532376230353339663364336637616262353838303138386235346562313065336566663363
61366261303638633234613266626338323965613037373732313861666332316362656263356435
63373239336233353030623963383636353631316164396662656334386638643264363262656236
61616266656431646162666234656130343438653164393862356236323234336636303634343435
63633230383236373136646337313435316666643338323463626131336432343238383463343930
33343963613964666562333932303633323866353565316637303133303562343630633731363131
30356266666165653034643533653732613132303636313061343435633233636138356533373932
313533613038313834616265613637623137
