$ANSIBLE_VAULT;1.1;AES256
64623533633864363036386666326538656263363464666564333861356437313665666236393365
3764376363646566613763643337336138646439316561340a346330303031623061636636346535
39323230663532386133353464633936353164373738663961633962386561326438376266343137
3539656137616363320a353266643162303838663361396339653234613130363136303332623633
35313237393266653036383965323335323861613034643637343830656338336236383562666331
64633434643164393162646362306235656439653432643735643839643233613936323232376231
64653436383230396139343038646536646331343334353535633965626632663262393136313936
37313166623932626431373030376265386634653439303431633430616131626435333164306562
33373133386635336633353534383032613037613232326534336536646237376632396139316662
63343234346263636562326238653065623263366662383663356338653936623432316634373534
356363623738643465653636383331323763
